-147.000000	-147.000000	0.782004
-141.000000	-147.000000	0.780271
-135.000000	-147.000000	0.778341
-129.000000	-147.000000	0.776133
-123.000000	-147.000000	0.773552
-117.000000	-147.000000	0.770498
-111.000000	-147.000000	0.766861
-105.000000	-147.000000	0.762525
-99.000000	-147.000000	0.757380
-93.000000	-147.000000	0.751318
-87.000000	-147.000000	0.744251
-81.000000	-147.000000	0.736113
-75.000000	-147.000000	0.726880
-69.000000	-147.000000	0.716573
-63.000000	-147.000000	0.705280
-57.000000	-147.000000	0.693157
-51.000000	-147.000000	0.680441
-45.000000	-147.000000	0.667449
-39.000000	-147.000000	0.654568
-33.000000	-147.000000	0.642247
-27.000000	-147.000000	0.630968
-21.000000	-147.000000	0.621216
-15.000000	-147.000000	0.613442
-9.000000	-147.000000	0.608027
-3.000000	-147.000000	0.605247
3.000000	-147.000000	0.605247
9.000000	-147.000000	0.608027
15.000000	-147.000000	0.613442
21.000000	-147.000000	0.621216
27.000000	-147.000000	0.630968
33.000000	-147.000000	0.642247
39.000000	-147.000000	0.654568
45.000000	-147.000000	0.667449
51.000000	-147.000000	0.680441
57.000000	-147.000000	0.693157
63.000000	-147.000000	0.705280
69.000000	-147.000000	0.716573
75.000000	-147.000000	0.726880
81.000000	-147.000000	0.736113
87.000000	-147.000000	0.744251
93.000000	-147.000000	0.751318
99.000000	-147.000000	0.757380
105.000000	-147.000000	0.762525
111.000000	-147.000000	0.766861
117.000000	-147.000000	0.770498
123.000000	-147.000000	0.773552
129.000000	-147.000000	0.776133
135.000000	-147.000000	0.778341
141.000000	-147.000000	0.780271
147.000000	-147.000000	0.782004

-147.000000	-141.000000	0.792197
-141.000000	-141.000000	0.791239
-135.000000	-141.000000	0.790035
-129.000000	-141.000000	0.788478
-123.000000	-141.000000	0.786447
-117.000000	-141.000000	0.783804
-111.000000	-141.000000	0.780402
-105.000000	-141.000000	0.776081
-99.000000	-141.000000	0.770680
-93.000000	-141.000000	0.764043
-87.000000	-141.000000	0.756027
-81.000000	-141.000000	0.746522
-75.000000	-141.000000	0.735463
-69.000000	-141.000000	0.722850
-63.000000	-141.000000	0.708768
-57.000000	-141.000000	0.693401
-51.000000	-141.000000	0.677046
-45.000000	-141.000000	0.660121
-39.000000	-141.000000	0.643154
-33.000000	-141.000000	0.626767
-27.000000	-141.000000	0.611642
-21.000000	-141.000000	0.598475
-15.000000	-141.000000	0.587924
-9.000000	-141.000000	0.580547
-3.000000	-141.000000	0.576752
3.000000	-141.000000	0.576752
9.000000	-141.000000	0.580547
15.000000	-141.000000	0.587924
21.000000	-141.000000	0.598475
27.000000	-141.000000	0.611642
33.000000	-141.000000	0.626767
39.000000	-141.000000	0.643154
45.000000	-141.000000	0.660121
51.000000	-141.000000	0.677046
57.000000	-141.000000	0.693401
63.000000	-141.000000	0.708768
69.000000	-141.000000	0.722850
75.000000	-141.000000	0.735463
81.000000	-141.000000	0.746522
87.000000	-141.000000	0.756027
93.000000	-141.000000	0.764043
99.000000	-141.000000	0.770680
105.000000	-141.000000	0.776081
111.000000	-141.000000	0.780402
117.000000	-141.000000	0.783804
123.000000	-141.000000	0.786447
129.000000	-141.000000	0.788478
135.000000	-141.000000	0.790035
141.000000	-141.000000	0.791239
147.000000	-141.000000	0.792197

-147.000000	-135.000000	0.807489
-141.000000	-135.000000	0.807636
-135.000000	-135.000000	0.807502
-129.000000	-135.000000	0.806954
-123.000000	-135.000000	0.805835
-117.000000	-135.000000	0.803968
-111.000000	-135.000000	0.801153
-105.000000	-135.000000	0.797173
-99.000000	-135.000000	0.791802
-93.000000	-135.000000	0.784810
-87.000000	-135.000000	0.775981
-81.000000	-135.000000	0.765130
-75.000000	-135.000000	0.752127
-69.000000	-135.000000	0.736923
-63.000000	-135.000000	0.719581
-57.000000	-135.000000	0.700300
-51.000000	-135.000000	0.679443
-45.000000	-135.000000	0.657546
-39.000000	-135.000000	0.635316
-33.000000	-135.000000	0.613610
-27.000000	-135.000000	0.593390
-21.000000	-135.000000	0.575654
-15.000000	-135.000000	0.561356
-9.000000	-135.000000	0.551316
-3.000000	-135.000000	0.546137
3.000000	-135.000000	0.546137
9.000000	-135.000000	0.551316
15.000000	-135.000000	0.561356
21.000000	-135.000000	0.575654
27.000000	-135.000000	0.593390
33.000000	-135.000000	0.613610
39.000000	-135.000000	0.635316
45.000000	-135.000000	0.657546
51.000000	-135.000000	0.679443
57.000000	-135.000000	0.700300
63.000000	-135.000000	0.719581
69.000000	-135.000000	0.736923
75.000000	-135.000000	0.752127
81.000000	-135.000000	0.765130
87.000000	-135.000000	0.775981
93.000000	-135.000000	0.784810
99.000000	-135.000000	0.791802
105.000000	-135.000000	0.797173
111.000000	-135.000000	0.801153
117.000000	-135.000000	0.803968
123.000000	-135.000000	0.805835
129.000000	-135.000000	0.806954
135.000000	-135.000000	0.807502
141.000000	-135.000000	0.807636
147.000000	-135.000000	0.807489

-147.000000	-129.000000	0.828322
-141.000000	-129.000000	0.829981
-135.000000	-129.000000	0.831352
-129.000000	-129.000000	0.832273
-123.000000	-129.000000	0.832548
-117.000000	-129.000000	0.831951
-111.000000	-129.000000	0.830219
-105.000000	-129.000000	0.827064
-99.000000	-129.000000	0.822171
-93.000000	-129.000000	0.815211
-87.000000	-129.000000	0.805861
-81.000000	-129.000000	0.793826
-75.000000	-129.000000	0.778869
-69.000000	-129.000000	0.760853
-63.000000	-129.000000	0.739781
-57.000000	-129.000000	0.715844
-51.000000	-129.000000	0.689459
-45.000000	-129.000000	0.661299
-39.000000	-129.000000	0.632298
-33.000000	-129.000000	0.603626
-27.000000	-129.000000	0.576631
-21.000000	-129.000000	0.552745
-15.000000	-129.000000	0.533357
-9.000000	-129.000000	0.519676
-3.000000	-129.000000	0.512598
3.000000	-129.000000	0.512598
9.000000	-129.000000	0.519676
15.000000	-129.000000	0.533357
21.000000	-129.000000	0.552745
27.000000	-129.000000	0.576631
33.000000	-129.000000	0.603626
39.000000	-129.000000	0.632298
45.000000	-129.000000	0.661299
51.000000	-129.000000	0.689459
57.000000	-129.000000	0.715844
63.000000	-129.000000	0.739781
69.000000	-129.000000	0.760853
75.000000	-129.000000	0.778869
81.000000	-129.000000	0.793826
87.000000	-129.000000	0.805861
93.000000	-129.000000	0.815211
99.000000	-129.000000	0.822171
105.000000	-129.000000	0.827064
111.000000	-129.000000	0.830219
117.000000	-129.000000	0.831951
123.000000	-129.000000	0.832548
129.000000	-129.000000	0.832273
135.000000	-129.000000	0.831352
141.000000	-129.000000	0.829981
147.000000	-129.000000	0.828322

-147.000000	-123.000000	0.855134
-141.000000	-123.000000	0.858802
-135.000000	-123.000000	0.862221
-129.000000	-123.000000	0.865198
-123.000000	-123.000000	0.867496
-117.000000	-123.000000	0.868831
-111.000000	-123.000000	0.868871
-105.000000	-123.000000	0.867234
-99.000000	-123.000000	0.863494
-93.000000	-123.000000	0.857193
-87.000000	-123.000000	0.847858
-81.000000	-123.000000	0.835031
-75.000000	-123.000000	0.818311
-69.000000	-123.000000	0.797408
-63.000000	-123.000000	0.772207
-57.000000	-123.000000	0.742837
-51.000000	-123.000000	0.709745
-45.000000	-123.000000	0.673746
-39.000000	-123.000000	0.636048
-33.000000	-123.000000	0.598236
-27.000000	-123.000000	0.562199
-21.000000	-123.000000	0.529988
-15.000000	-123.000000	0.503634
-9.000000	-123.000000	0.484931
-3.000000	-123.000000	0.475220
3.000000	-123.000000	0.475220
9.000000	-123.000000	0.484931
15.000000	-123.000000	0.503634
21.000000	-123.000000	0.529988
27.000000	-123.000000	0.562199
33.000000	-123.000000	0.598236
39.000000	-123.000000	0.636048
45.000000	-123.000000	0.673746
51.000000	-123.000000	0.709745
57.000000	-123.000000	0.742837
63.000000	-123.000000	0.772207
69.000000	-123.000000	0.797408
75.000000	-123.000000	0.818311
81.000000	-123.000000	0.835031
87.000000	-123.000000	0.847858
93.000000	-123.000000	0.857193
99.000000	-123.000000	0.863494
105.000000	-123.000000	0.867234
111.000000	-123.000000	0.868871
117.000000	-123.000000	0.868831
123.000000	-123.000000	0.867496
129.000000	-123.000000	0.865198
135.000000	-123.000000	0.862221
141.000000	-123.000000	0.858802
147.000000	-123.000000	0.855134

-147.000000	-117.000000	0.888348
-141.000000	-117.000000	0.894628
-135.000000	-117.000000	0.900764
-129.000000	-117.000000	0.906535
-123.000000	-117.000000	0.911664
-117.000000	-117.000000	0.915807
-111.000000	-117.000000	0.918551
-105.000000	-117.000000	0.919408
-99.000000	-117.000000	0.917816
-93.000000	-117.000000	0.913146
-87.000000	-117.000000	0.904723
-81.000000	-117.000000	0.891860
-75.000000	-117.000000	0.873907
-69.000000	-117.000000	0.850329
-63.000000	-117.000000	0.820793
-57.000000	-117.000000	0.785278
-51.000000	-117.000000	0.744192
-45.000000	-117.000000	0.698471
-39.000000	-117.000000	0.649646
-33.000000	-117.000000	0.599840
-27.000000	-117.000000	0.551684
-21.000000	-117.000000	0.508129
-15.000000	-117.000000	0.472161
-9.000000	-117.000000	0.446464
-3.000000	-117.000000	0.433068
3.000000	-117.000000	0.433068
9.000000	-117.000000	0.446464
15.000000	-117.000000	0.472161
21.000000	-117.000000	0.508129
27.000000	-117.000000	0.551684
33.000000	-117.000000	0.599840
39.000000	-117.000000	0.649646
45.000000	-117.000000	0.698471
51.000000	-117.000000	0.744192
57.000000	-117.000000	0.785278
63.000000	-117.000000	0.820793
69.000000	-117.000000	0.850329
75.000000	-117.000000	0.873907
81.000000	-117.000000	0.891860
87.000000	-117.000000	0.904723
93.000000	-117.000000	0.913146
99.000000	-117.000000	0.917816
105.000000	-117.000000	0.919408
111.000000	-117.000000	0.918551
117.000000	-117.000000	0.915807
123.000000	-117.000000	0.911664
129.000000	-117.000000	0.906535
135.000000	-117.000000	0.900764
141.000000	-117.000000	0.894628
147.000000	-117.000000	0.888348

-147.000000	-111.000000	0.928359
-141.000000	-111.000000	0.937969
-135.000000	-111.000000	0.947636
-129.000000	-111.000000	0.957118
-123.000000	-111.000000	0.966104
-117.000000	-111.000000	0.974194
-111.000000	-111.000000	0.980892
-105.000000	-111.000000	0.985592
-99.000000	-111.000000	0.987569
-93.000000	-111.000000	0.985986
-87.000000	-111.000000	0.979906
-81.000000	-111.000000	0.968323
-75.000000	-111.000000	0.950229
-69.000000	-111.000000	0.924703
-63.000000	-111.000000	0.891040
-57.000000	-111.000000	0.848916
-51.000000	-111.000000	0.798567
-45.000000	-111.000000	0.740978
-39.000000	-111.000000	0.678013
-33.000000	-111.000000	0.612478
-27.000000	-111.000000	0.548026
-21.000000	-111.000000	0.488907
-15.000000	-111.000000	0.439547
-9.000000	-111.000000	0.404000
-3.000000	-111.000000	0.385379
3.000000	-111.000000	0.385379
9.000000	-111.000000	0.404000
15.000000	-111.000000	0.439547
21.000000	-111.000000	0.488907
27.000000	-111.000000	0.548026
33.000000	-111.000000	0.612478
39.000000	-111.000000	0.678013
45.000000	-111.000000	0.740978
51.000000	-111.000000	0.798567
57.000000	-111.000000	0.848916
63.000000	-111.000000	0.891040
69.000000	-111.000000	0.924703
75.000000	-111.000000	0.950229
81.000000	-111.000000	0.968323
87.000000	-111.000000	0.979906
93.000000	-111.000000	0.985986
99.000000	-111.000000	0.987569
105.000000	-111.000000	0.985592
111.000000	-111.000000	0.980892
117.000000	-111.000000	0.974194
123.000000	-111.000000	0.966104
129.000000	-111.000000	0.957118
135.000000	-111.000000	0.947636
141.000000	-111.000000	0.937969
147.000000	-111.000000	0.928359

-147.000000	-105.000000	0.975512
-141.000000	-105.000000	0.989298
-135.000000	-105.000000	1.003471
-129.000000	-105.000000	1.017787
-123.000000	-105.000000	1.031915
-117.000000	-105.000000	1.045413
-111.000000	-105.000000	1.057711
-105.000000	-105.000000	1.068082
-99.000000	-105.000000	1.075627
-93.000000	-105.000000	1.079263
-87.000000	-105.000000	1.077723
-81.000000	-105.000000	1.069585
-75.000000	-105.000000	1.053332
-69.000000	-105.000000	1.027468
-63.000000	-105.000000	0.990681
-57.000000	-105.000000	0.942086
-51.000000	-105.000000	0.881504
-45.000000	-105.000000	0.809783
-39.000000	-105.000000	0.729072
-33.000000	-105.000000	0.642985
-27.000000	-105.000000	0.556563
-21.000000	-105.000000	0.475942
-15.000000	-105.000000	0.407733
-9.000000	-105.000000	0.358140
-3.000000	-105.000000	0.332012
3.000000	-105.000000	0.332012
9.000000	-105.000000	0.358140
15.000000	-105.000000	0.407733
21.000000	-105.000000	0.475942
27.000000	-105.000000	0.556563
33.000000	-105.000000	0.642985
39.000000	-105.000000	0.729072
45.000000	-105.000000	0.809783
51.000000	-105.000000	0.881504
57.000000	-105.000000	0.942086
63.000000	-105.000000	0.990681
69.000000	-105.000000	1.027468
75.000000	-105.000000	1.053332
81.000000	-105.000000	1.069585
87.000000	-105.000000	1.077723
93.000000	-105.000000	1.079263
99.000000	-105.000000	1.075627
105.000000	-105.000000	1.068082
111.000000	-105.000000	1.057711
117.000000	-105.000000	1.045413
123.000000	-105.000000	1.031915
129.000000	-105.000000	1.017787
135.000000	-105.000000	1.003471
141.000000	-105.000000	0.989298
147.000000	-105.000000	0.975512

-147.000000	-99.000000	1.030080
-141.000000	-99.000000	1.049024
-135.000000	-99.000000	1.068856
-129.000000	-99.000000	1.089359
-123.000000	-99.000000	1.110211
-117.000000	-99.000000	1.130962
-111.000000	-99.000000	1.150992
-105.000000	-99.000000	1.169475
-99.000000	-99.000000	1.185344
-93.000000	-99.000000	1.197249
-87.000000	-99.000000	1.203540
-81.000000	-99.000000	1.202267
-75.000000	-99.000000	1.191232
-69.000000	-99.000000	1.168103
-63.000000	-99.000000	1.130625
-57.000000	-99.000000	1.076940
-51.000000	-99.000000	1.006025
-45.000000	-99.000000	0.918208
-39.000000	-99.000000	0.815698
-33.000000	-99.000000	0.702983
-27.000000	-99.000000	0.586927
-21.000000	-99.000000	0.476402
-15.000000	-99.000000	0.381368
-9.000000	-99.000000	0.311464
-3.000000	-99.000000	0.274376
3.000000	-99.000000	0.274376
9.000000	-99.000000	0.311464
15.000000	-99.000000	0.381368
21.000000	-99.000000	0.476402
27.000000	-99.000000	0.586927
33.000000	-99.000000	0.702983
39.000000	-99.000000	0.815698
45.000000	-99.000000	0.918208
51.000000	-99.000000	1.006025
57.000000	-99.000000	1.076940
63.000000	-99.000000	1.130625
69.000000	-99.000000	1.168103
75.000000	-99.000000	1.191232
81.000000	-99.000000	1.202267
87.000000	-99.000000	1.203540
93.000000	-99.000000	1.197249
99.000000	-99.000000	1.185344
105.000000	-99.000000	1.169475
111.000000	-99.000000	1.150992
117.000000	-99.000000	1.130962
123.000000	-99.000000	1.110211
129.000000	-99.000000	1.089359
135.000000	-99.000000	1.068856
141.000000	-99.000000	1.049024
147.000000	-99.000000	1.030080

-147.000000	-93.000000	1.092234
-141.000000	-93.000000	1.117454
-135.000000	-93.000000	1.144283
-129.000000	-93.000000	1.172576
-123.000000	-93.000000	1.202072
-117.000000	-93.000000	1.232364
-111.000000	-93.000000	1.262843
-105.000000	-93.000000	1.292640
-99.000000	-93.000000	1.320563
-93.000000	-93.000000	1.345018
-87.000000	-93.000000	1.363952
-81.000000	-93.000000	1.374800
-75.000000	-93.000000	1.374493
-69.000000	-93.000000	1.359551
-63.000000	-93.000000	1.326303
-57.000000	-93.000000	1.271298
-51.000000	-93.000000	1.191931
-45.000000	-93.000000	1.087277
-39.000000	-93.000000	0.959036
-33.000000	-93.000000	0.812400
-27.000000	-93.000000	0.656510
-21.000000	-93.000000	0.504163
-15.000000	-93.000000	0.370509
-9.000000	-93.000000	0.270769
-3.000000	-93.000000	0.217388
3.000000	-93.000000	0.217388
9.000000	-93.000000	0.270769
15.000000	-93.000000	0.370509
21.000000	-93.000000	0.504163
27.000000	-93.000000	0.656510
33.000000	-93.000000	0.812400
39.000000	-93.000000	0.959036
45.000000	-93.000000	1.087277
51.000000	-93.000000	1.191931
57.000000	-93.000000	1.271298
63.000000	-93.000000	1.326303
69.000000	-93.000000	1.359551
75.000000	-93.000000	1.374493
81.000000	-93.000000	1.374800
87.000000	-93.000000	1.363952
93.000000	-93.000000	1.345018
99.000000	-93.000000	1.320563
105.000000	-93.000000	1.292640
111.000000	-93.000000	1.262843
117.000000	-93.000000	1.232364
123.000000	-93.000000	1.202072
129.000000	-93.000000	1.172576
135.000000	-93.000000	1.144283
141.000000	-93.000000	1.117454
147.000000	-93.000000	1.092234

-147.000000	-87.000000	1.162012
-141.000000	-87.000000	1.194754
-135.000000	-87.000000	1.230103
-129.000000	-87.000000	1.268049
-123.000000	-87.000000	1.308470
-117.000000	-87.000000	1.351091
-111.000000	-87.000000	1.395417
-105.000000	-87.000000	1.440649
-99.000000	-87.000000	1.485583
-93.000000	-87.000000	1.528485
-87.000000	-87.000000	1.566956
-81.000000	-87.000000	1.597804
-75.000000	-87.000000	1.616948
-69.000000	-87.000000	1.619422
-63.000000	-87.000000	1.599546
-57.000000	-87.000000	1.551380
-51.000000	-87.000000	1.469549
-45.000000	-87.000000	1.350516
-39.000000	-87.000000	1.194220
-33.000000	-87.000000	1.005813
-27.000000	-87.000000	0.796957
-21.000000	-87.000000	0.585952
-15.000000	-87.000000	0.396040
-9.000000	-87.000000	0.251706
-3.000000	-87.000000	0.173603
3.000000	-87.000000	0.173603
9.000000	-87.000000	0.251706
15.000000	-87.000000	0.396040
21.000000	-87.000000	0.585952
27.000000	-87.000000	0.796957
33.000000	-87.000000	1.005813
39.000000	-87.000000	1.194220
45.000000	-87.000000	1.350516
51.000000	-87.000000	1.469549
57.000000	-87.000000	1.551380
63.000000	-87.000000	1.599546
69.000000	-87.000000	1.619422
75.000000	-87.000000	1.616948
81.000000	-87.000000	1.597804
87.000000	-87.000000	1.566956
93.000000	-87.000000	1.528485
99.000000	-87.000000	1.485583
105.000000	-87.000000	1.440649
111.000000	-87.000000	1.395417
117.000000	-87.000000	1.351091
123.000000	-87.000000	1.308470
129.000000	-87.000000	1.268049
135.000000	-87.000000	1.230103
141.000000	-87.000000	1.194754
147.000000	-87.000000	1.162012

-147.000000	-81.000000	1.239278
-141.000000	-81.000000	1.280899
-135.000000	-81.000000	1.326462
-129.000000	-81.000000	1.376177
-123.000000	-81.000000	1.430173
-117.000000	-81.000000	1.488445
-111.000000	-81.000000	1.550779
-105.000000	-81.000000	1.616643
-99.000000	-81.000000	1.685046
-93.000000	-81.000000	1.754348
-87.000000	-81.000000	1.822032
-81.000000	-81.000000	1.884438
-75.000000	-81.000000	1.936497
-69.000000	-81.000000	1.971517
-63.000000	-81.000000	1.981176
-57.000000	-81.000000	1.955862
-51.000000	-81.000000	1.885621
-45.000000	-81.000000	1.761938
-39.000000	-81.000000	1.580421
-33.000000	-81.000000	1.344120
-27.000000	-81.000000	1.066634
-21.000000	-81.000000	0.773586
-15.000000	-81.000000	0.500837
-9.000000	-81.000000	0.288566
-3.000000	-81.000000	0.172057
3.000000	-81.000000	0.172057
9.000000	-81.000000	0.288566
15.000000	-81.000000	0.500837
21.000000	-81.000000	0.773586
27.000000	-81.000000	1.066634
33.000000	-81.000000	1.344120
39.000000	-81.000000	1.580421
45.000000	-81.000000	1.761938
51.000000	-81.000000	1.885621
57.000000	-81.000000	1.955862
63.000000	-81.000000	1.981176
69.000000	-81.000000	1.971517
75.000000	-81.000000	1.936497
81.000000	-81.000000	1.884438
87.000000	-81.000000	1.822032
93.000000	-81.000000	1.754348
99.000000	-81.000000	1.685046
105.000000	-81.000000	1.616643
111.000000	-81.000000	1.550779
117.000000	-81.000000	1.488445
123.000000	-81.000000	1.430173
129.000000	-81.000000	1.376177
135.000000	-81.000000	1.326462
141.000000	-81.000000	1.280899
147.000000	-81.000000	1.239278

-147.000000	-75.000000	1.323683
-141.000000	-75.000000	1.375622
-135.000000	-75.000000	1.433228
-129.000000	-75.000000	1.497053
-123.000000	-75.000000	1.567625
-117.000000	-75.000000	1.645408
-111.000000	-75.000000	1.730722
-105.000000	-75.000000	1.823616
-99.000000	-75.000000	1.923702
-93.000000	-75.000000	2.029898
-87.000000	-75.000000	2.140079
-81.000000	-75.000000	2.250632
-75.000000	-75.000000	2.355910
-69.000000	-75.000000	2.447640
-63.000000	-75.000000	2.514450
-57.000000	-75.000000	2.541770
-51.000000	-75.000000	2.512562
-45.000000	-75.000000	2.409449
-39.000000	-75.000000	2.218758
-33.000000	-75.000000	1.936509
-27.000000	-75.000000	1.575255
-21.000000	-75.000000	1.169150
-15.000000	-75.000000	0.773470
-9.000000	-75.000000	0.455567
-3.000000	-75.000000	0.277751
3.000000	-75.000000	0.277751
9.000000	-75.000000	0.455567
15.000000	-75.000000	0.773470
21.000000	-75.000000	1.169150
27.000000	-75.000000	1.575255
33.000000	-75.000000	1.936509
39.000000	-75.000000	2.218758
45.000000	-75.000000	2.409449
51.000000	-75.000000	2.512562
57.000000	-75.000000	2.541770
63.000000	-75.000000	2.514450
69.000000	-75.000000	2.447640
75.000000	-75.000000	2.355910
81.000000	-75.000000	2.250632
87.000000	-75.000000	2.140079
93.000000	-75.000000	2.029898
99.000000	-75.000000	1.923702
105.000000	-75.000000	1.823616
111.000000	-75.000000	1.730722
117.000000	-75.000000	1.645408
123.000000	-75.000000	1.567625
129.000000	-75.000000	1.497053
135.000000	-75.000000	1.433228
141.000000	-75.000000	1.375622
147.000000	-75.000000	1.323683

-147.000000	-69.000000	1.414629
-141.000000	-69.000000	1.478353
-135.000000	-69.000000	1.549916
-129.000000	-69.000000	1.630352
-123.000000	-69.000000	1.720795
-117.000000	-69.000000	1.822441
-111.000000	-69.000000	1.936501
-105.000000	-69.000000	2.064086
-99.000000	-69.000000	2.206031
-93.000000	-69.000000	2.362607
-87.000000	-69.000000	2.533070
-81.000000	-69.000000	2.715008
-75.000000	-69.000000	2.903419
-69.000000	-69.000000	3.089526
-63.000000	-69.000000	3.259418
-57.000000	-69.000000	3.392846
-51.000000	-69.000000	3.462862
-45.000000	-69.000000	3.437461
-39.000000	-69.000000	3.284754
-33.000000	-69.000000	2.982893
-27.000000	-69.000000	2.534121
-21.000000	-69.000000	0.280008
-15.000000	-69.000000	0.274691
-9.000000	-69.000000	0.272827
-3.000000	-69.000000	0.272440
3.000000	-69.000000	0.272440
9.000000	-69.000000	0.272827
15.000000	-69.000000	0.274691
21.000000	-69.000000	0.280008
27.000000	-69.000000	2.534121
33.000000	-69.000000	2.982893
39.000000	-69.000000	3.284754
45.000000	-69.000000	3.437461
51.000000	-69.000000	3.462862
57.000000	-69.000000	3.392846
63.000000	-69.000000	3.259418
69.000000	-69.000000	3.089526
75.000000	-69.000000	2.903419
81.000000	-69.000000	2.715008
87.000000	-69.000000	2.533070
93.000000	-69.000000	2.362607
99.000000	-69.000000	2.206031
105.000000	-69.000000	2.064086
111.000000	-69.000000	1.936501
117.000000	-69.000000	1.822441
123.000000	-69.000000	1.720795
129.000000	-69.000000	1.630352
135.000000	-69.000000	1.549916
141.000000	-69.000000	1.478353
147.000000	-69.000000	1.414629

-147.000000	-63.000000	1.511228
-141.000000	-63.000000	1.588171
-135.000000	-63.000000	1.675603
-129.000000	-63.000000	1.775222
-123.000000	-63.000000	1.889009
-117.000000	-63.000000	2.019243
-111.000000	-63.000000	2.168505
-105.000000	-63.000000	2.339640
-99.000000	-63.000000	2.535640
-93.000000	-63.000000	2.759399
-87.000000	-63.000000	3.013265
-81.000000	-63.000000	3.298240
-75.000000	-63.000000	3.612698
-69.000000	-63.000000	3.950430
-63.000000	-63.000000	4.297900
-57.000000	-63.000000	4.630861
-51.000000	-63.000000	4.911067
-45.000000	-63.000000	5.084993
-39.000000	-63.000000	5.087930
-33.000000	-63.000000	0.247821
-27.000000	-63.000000	0.242768
-21.000000	-63.000000	0.245153
-15.000000	-63.000000	0.251575
-9.000000	-63.000000	0.258526
-3.000000	-63.000000	0.262925
3.000000	-63.000000	0.262925
9.000000	-63.000000	0.258526
15.000000	-63.000000	0.251575
21.000000	-63.000000	0.245153
27.000000	-63.000000	0.242768
33.000000	-63.000000	0.247821
39.000000	-63.000000	5.087930
45.000000	-63.000000	5.084993
51.000000	-63.000000	4.911067
57.000000	-63.000000	4.630861
63.000000	-63.000000	4.297900
69.000000	-63.000000	3.950430
75.000000	-63.000000	3.612698
81.000000	-63.000000	3.298240
87.000000	-63.000000	3.013265
93.000000	-63.000000	2.759399
99.000000	-63.000000	2.535640
105.000000	-63.000000	2.339640
111.000000	-63.000000	2.168505
117.000000	-63.000000	2.019243
123.000000	-63.000000	1.889009
129.000000	-63.000000	1.775222
135.000000	-63.000000	1.675603
141.000000	-63.000000	1.588171
147.000000	-63.000000	1.511228

-147.000000	-57.000000	1.612284
-141.000000	-57.000000	1.703758
-135.000000	-57.000000	1.808862
-129.000000	-57.000000	1.930163
-123.000000	-57.000000	2.070777
-117.000000	-57.000000	2.234485
-111.000000	-57.000000	2.425854
-105.000000	-57.000000	2.650355
-99.000000	-57.000000	2.914440
-93.000000	-57.000000	3.225526
-87.000000	-57.000000	3.591769
-81.000000	-57.000000	4.021441
-75.000000	-57.000000	4.521573
-69.000000	-57.000000	5.095415
-63.000000	-57.000000	5.738049
-57.000000	-57.000000	6.429590
-51.000000	-57.000000	7.125947
-45.000000	-57.000000	0.228041
-39.000000	-57.000000	0.215372
-33.000000	-57.000000	0.216415
-27.000000	-57.000000	0.228805
-21.000000	-57.000000	0.249448
-15.000000	-57.000000	0.150845
-9.000000	-57.000000	0.150547
-3.000000	-57.000000	0.150397
3.000000	-57.000000	0.150397
9.000000	-57.000000	0.150547
15.000000	-57.000000	0.150845
21.000000	-57.000000	0.249448
27.000000	-57.000000	0.228805
33.000000	-57.000000	0.216415
39.000000	-57.000000	0.215372
45.000000	-57.000000	0.228041
51.000000	-57.000000	7.125947
57.000000	-57.000000	6.429590
63.000000	-57.000000	5.738049
69.000000	-57.000000	5.095415
75.000000	-57.000000	4.521573
81.000000	-57.000000	4.021441
87.000000	-57.000000	3.591769
93.000000	-57.000000	3.225526
99.000000	-57.000000	2.914440
105.000000	-57.000000	2.650355
111.000000	-57.000000	2.425854
117.000000	-57.000000	2.234485
123.000000	-57.000000	2.070777
129.000000	-57.000000	1.930163
135.000000	-57.000000	1.808862
141.000000	-57.000000	1.703758
147.000000	-57.000000	1.612284

-147.000000	-51.000000	1.716275
-141.000000	-51.000000	1.823370
-135.000000	-51.000000	1.947710
-129.000000	-51.000000	2.092939
-123.000000	-51.000000	2.263630
-117.000000	-51.000000	2.465547
-111.000000	-51.000000	2.705974
-105.000000	-51.000000	2.994117
-99.000000	-51.000000	3.341596
-93.000000	-51.000000	3.762974
-87.000000	-51.000000	4.276252
-81.000000	-51.000000	4.903113
-75.000000	-51.000000	5.668489
-69.000000	-51.000000	6.598584
-63.000000	-51.000000	7.715908
-57.000000	-51.000000	9.028978
-51.000000	-51.000000	0.200548
-45.000000	-51.000000	0.187654
-39.000000	-51.000000	0.191929
-33.000000	-51.000000	0.213328
-27.000000	-51.000000	0.150754
-21.000000	-51.000000	0.150145
-15.000000	-51.000000	0.149684
-9.000000	-51.000000	0.149375
-3.000000	-51.000000	0.149219
3.000000	-51.000000	0.149219
9.000000	-51.000000	0.149375
15.000000	-51.000000	0.149684
21.000000	-51.000000	0.150145
27.000000	-51.000000	0.150754
33.000000	-51.000000	0.213328
39.000000	-51.000000	0.191929
45.000000	-51.000000	0.187654
51.000000	-51.000000	0.200548
57.000000	-51.000000	9.028978
63.000000	-51.000000	7.715908
69.000000	-51.000000	6.598584
75.000000	-51.000000	5.668489
81.000000	-51.000000	4.903113
87.000000	-51.000000	4.276252
93.000000	-51.000000	3.762974
99.000000	-51.000000	3.341596
105.000000	-51.000000	2.994117
111.000000	-51.000000	2.705974
117.000000	-51.000000	2.465547
123.000000	-51.000000	2.263630
129.000000	-51.000000	2.092939
135.000000	-51.000000	1.947710
141.000000	-51.000000	1.823370
147.000000	-51.000000	1.716275

-147.000000	-45.000000	1.821368
-141.000000	-45.000000	1.944843
-135.000000	-45.000000	2.089582
-129.000000	-45.000000	2.260517
-123.000000	-45.000000	2.464004
-117.000000	-45.000000	2.708294
-111.000000	-45.000000	3.004187
-105.000000	-45.000000	3.365910
-99.000000	-45.000000	3.812317
-93.000000	-45.000000	4.368475
-87.000000	-45.000000	5.067732
-81.000000	-45.000000	5.954202
-75.000000	-45.000000	7.085463
-69.000000	-45.000000	8.534521
-63.000000	-45.000000	10.388873
-57.000000	-45.000000	0.180160
-51.000000	-45.000000	0.162902
-45.000000	-45.000000	0.165237
-39.000000	-45.000000	0.189895
-33.000000	-45.000000	0.150320
-27.000000	-45.000000	0.149542
-21.000000	-45.000000	0.148912
-15.000000	-45.000000	0.148435
-9.000000	-45.000000	0.148115
-3.000000	-45.000000	0.147955
3.000000	-45.000000	0.147955
9.000000	-45.000000	0.148115
15.000000	-45.000000	0.148435
21.000000	-45.000000	0.148912
27.000000	-45.000000	0.149542
33.000000	-45.000000	0.150320
39.000000	-45.000000	0.189895
45.000000	-45.000000	0.165237
51.000000	-45.000000	0.162902
57.000000	-45.000000	0.180160
63.000000	-45.000000	10.388873
69.000000	-45.000000	8.534521
75.000000	-45.000000	7.085463
81.000000	-45.000000	5.954202
87.000000	-45.000000	5.067732
93.000000	-45.000000	4.368475
99.000000	-45.000000	3.812317
105.000000	-45.000000	3.365910
111.000000	-45.000000	3.004187
117.000000	-45.000000	2.708294
123.000000	-45.000000	2.464004
129.000000	-45.000000	2.260517
135.000000	-45.000000	2.089582
141.000000	-45.000000	1.944843
147.000000	-45.000000	1.821368

-147.000000	-39.000000	1.925446
-141.000000	-39.000000	2.065614
-135.000000	-39.000000	2.231358
-129.000000	-39.000000	2.429077
-123.000000	-39.000000	2.667198
-117.000000	-39.000000	2.956941
-111.000000	-39.000000	3.313417
-105.000000	-39.000000	3.757207
-99.000000	-39.000000	4.316670
-93.000000	-39.000000	5.031294
-87.000000	-39.000000	5.956592
-81.000000	-39.000000	7.171144
-75.000000	-39.000000	8.786516
-69.000000	-39.000000	10.960466
-63.000000	-39.000000	13.912528
-57.000000	-39.000000	0.143049
-51.000000	-39.000000	0.137950
-45.000000	-39.000000	0.157021
-39.000000	-39.000000	0.150004
-33.000000	-39.000000	0.149053
-27.000000	-39.000000	0.148250
-21.000000	-39.000000	0.147601
-15.000000	-39.000000	0.147109
-9.000000	-39.000000	0.146779
-3.000000	-39.000000	0.146614
3.000000	-39.000000	0.146614
9.000000	-39.000000	0.146779
15.000000	-39.000000	0.147109
21.000000	-39.000000	0.147601
27.000000	-39.000000	0.148250
33.000000	-39.000000	0.149053
39.000000	-39.000000	0.150004
45.000000	-39.000000	0.157021
51.000000	-39.000000	0.137950
57.000000	-39.000000	0.143049
63.000000	-39.000000	13.912528
69.000000	-39.000000	10.960466
75.000000	-39.000000	8.786516
81.000000	-39.000000	7.171144
87.000000	-39.000000	5.956592
93.000000	-39.000000	5.031294
99.000000	-39.000000	4.316670
105.000000	-39.000000	3.757207
111.000000	-39.000000	3.313417
117.000000	-39.000000	2.956941
123.000000	-39.000000	2.667198
129.000000	-39.000000	2.429077
135.000000	-39.000000	2.231358
141.000000	-39.000000	2.065614
147.000000	-39.000000	1.925446

-147.000000	-33.000000	2.026179
-141.000000	-33.000000	2.182809
-135.000000	-33.000000	2.369450
-129.000000	-33.000000	2.594090
-123.000000	-33.000000	2.867449
-117.000000	-33.000000	3.204090
-111.000000	-33.000000	3.624106
-105.000000	-33.000000	4.155637
-99.000000	-33.000000	4.838719
-93.000000	-33.000000	5.731271
-87.000000	-33.000000	6.918451
-81.000000	-33.000000	8.527528
-75.000000	-33.000000	10.751493
-69.000000	-33.000000	13.886516
-63.000000	-33.000000	0.131688
-57.000000	-33.000000	0.115507
-51.000000	-33.000000	0.121688
-45.000000	-33.000000	0.149817
-39.000000	-33.000000	0.148695
-33.000000	-33.000000	0.147717
-27.000000	-33.000000	0.146891
-21.000000	-33.000000	0.146222
-15.000000	-33.000000	0.145716
-9.000000	-33.000000	0.145377
-3.000000	-33.000000	0.145207
3.000000	-33.000000	0.145207
9.000000	-33.000000	0.145377
15.000000	-33.000000	0.145716
21.000000	-33.000000	0.146222
27.000000	-33.000000	0.146891
33.000000	-33.000000	0.147717
39.000000	-33.000000	0.148695
45.000000	-33.000000	0.149817
51.000000	-33.000000	0.121688
57.000000	-33.000000	0.115507
63.000000	-33.000000	0.131688
69.000000	-33.000000	13.886516
75.000000	-33.000000	10.751493
81.000000	-33.000000	8.527528
87.000000	-33.000000	6.918451
93.000000	-33.000000	5.731271
99.000000	-33.000000	4.838719
105.000000	-33.000000	4.155637
111.000000	-33.000000	3.624106
117.000000	-33.000000	3.204090
123.000000	-33.000000	2.867449
129.000000	-33.000000	2.594090
135.000000	-33.000000	2.369450
141.000000	-33.000000	2.182809
147.000000	-33.000000	2.026179

-147.000000	-27.000000	2.121111
-141.000000	-27.000000	2.293345
-135.000000	-27.000000	2.499938
-129.000000	-27.000000	2.750509
-123.000000	-27.000000	3.058150
-117.000000	-27.000000	3.440972
-111.000000	-27.000000	3.924459
-105.000000	-27.000000	4.545125
-99.000000	-27.000000	5.356343
-93.000000	-27.000000	6.437791
-87.000000	-27.000000	7.911099
-81.000000	-27.000000	9.966354
-75.000000	-27.000000	12.907930
-69.000000	-27.000000	17.235231
-63.000000	-27.000000	0.103417
-57.000000	-27.000000	0.094105
-51.000000	-27.000000	0.149769
-45.000000	-27.000000	0.148476
-39.000000	-27.000000	0.147324
-33.000000	-27.000000	0.146320
-27.000000	-27.000000	0.145472
-21.000000	-27.000000	0.144786
-15.000000	-27.000000	0.144267
-9.000000	-27.000000	0.143919
-3.000000	-27.000000	0.143744
3.000000	-27.000000	0.143744
9.000000	-27.000000	0.143919
15.000000	-27.000000	0.144267
21.000000	-27.000000	0.144786
27.000000	-27.000000	0.145472
33.000000	-27.000000	0.146320
39.000000	-27.000000	0.147324
45.000000	-27.000000	0.148476
51.000000	-27.000000	0.149769
57.000000	-27.000000	0.094105
63.000000	-27.000000	0.103417
69.000000	-27.000000	17.235231
75.000000	-27.000000	12.907930
81.000000	-27.000000	9.966354
87.000000	-27.000000	7.911099
93.000000	-27.000000	6.437791
99.000000	-27.000000	5.356343
105.000000	-27.000000	4.545125
111.000000	-27.000000	3.924459
117.000000	-27.000000	3.440972
123.000000	-27.000000	3.058150
129.000000	-27.000000	2.750509
135.000000	-27.000000	2.499938
141.000000	-27.000000	2.293345
147.000000	-27.000000	2.121111

-147.000000	-21.000000	2.207778
-141.000000	-21.000000	2.394094
-135.000000	-21.000000	2.618786
-129.000000	-21.000000	2.893028
-123.000000	-21.000000	3.232217
-117.000000	-21.000000	3.657946
-111.000000	-21.000000	4.201088
-105.000000	-21.000000	4.906721
-99.000000	-21.000000	5.842175
-93.000000	-21.000000	7.110576
-87.000000	-21.000000	8.874236
-81.000000	-21.000000	11.396299
-75.000000	-21.000000	15.117388
-69.000000	-21.000000	0.105040
-63.000000	-21.000000	0.081041
-57.000000	-21.000000	0.076761
-51.000000	-21.000000	0.148405
-45.000000	-21.000000	0.147081
-39.000000	-21.000000	0.145901
-33.000000	-21.000000	0.144872
-27.000000	-21.000000	0.144004
-21.000000	-21.000000	0.143302
-15.000000	-21.000000	0.142770
-9.000000	-21.000000	0.142414
-3.000000	-21.000000	0.142235
3.000000	-21.000000	0.142235
9.000000	-21.000000	0.142414
15.000000	-21.000000	0.142770
21.000000	-21.000000	0.143302
27.000000	-21.000000	0.144004
33.000000	-21.000000	0.144872
39.000000	-21.000000	0.145901
45.000000	-21.000000	0.147081
51.000000	-21.000000	0.148405
57.000000	-21.000000	0.076761
63.000000	-21.000000	0.081041
69.000000	-21.000000	0.105040
75.000000	-21.000000	15.117388
81.000000	-21.000000	11.396299
87.000000	-21.000000	8.874236
93.000000	-21.000000	7.110576
99.000000	-21.000000	5.842175
105.000000	-21.000000	4.906721
111.000000	-21.000000	4.201088
117.000000	-21.000000	3.657946
123.000000	-21.000000	3.232217
129.000000	-21.000000	2.893028
135.000000	-21.000000	2.618786
141.000000	-21.000000	2.394094
147.000000	-21.000000	2.207778

-147.000000	-15.000000	2.283844
-141.000000	-15.000000	2.482062
-135.000000	-15.000000	2.722089
-129.000000	-15.000000	3.016458
-123.000000	-15.000000	3.382601
-117.000000	-15.000000	3.845224
-111.000000	-15.000000	4.440088
-105.000000	-15.000000	5.220151
-99.000000	-15.000000	6.265858
-93.000000	-15.000000	7.702875
-87.000000	-15.000000	9.733722
-81.000000	-15.000000	12.696279
-75.000000	-15.000000	17.176424
-69.000000	-15.000000	0.084439
-63.000000	-15.000000	0.063251
-57.000000	-15.000000	0.148483
-51.000000	-15.000000	0.146993
-45.000000	-15.000000	0.145640
-39.000000	-15.000000	0.144434
-33.000000	-15.000000	0.143383
-27.000000	-15.000000	0.142496
-21.000000	-15.000000	0.141779
-15.000000	-15.000000	0.141236
-9.000000	-15.000000	0.140872
-3.000000	-15.000000	0.140690
3.000000	-15.000000	0.140690
9.000000	-15.000000	0.140872
15.000000	-15.000000	0.141236
21.000000	-15.000000	0.141779
27.000000	-15.000000	0.142496
33.000000	-15.000000	0.143383
39.000000	-15.000000	0.144434
45.000000	-15.000000	0.145640
51.000000	-15.000000	0.146993
57.000000	-15.000000	0.148483
63.000000	-15.000000	0.063251
69.000000	-15.000000	0.084439
75.000000	-15.000000	17.176424
81.000000	-15.000000	12.696279
87.000000	-15.000000	9.733722
93.000000	-15.000000	7.702875
99.000000	-15.000000	6.265858
105.000000	-15.000000	5.220151
111.000000	-15.000000	4.440088
117.000000	-15.000000	3.845224
123.000000	-15.000000	3.382601
129.000000	-15.000000	3.016458
135.000000	-15.000000	2.722089
141.000000	-15.000000	2.482062
147.000000	-15.000000	2.283844

-147.000000	-9.000000	2.347242
-141.000000	-9.000000	2.554590
-135.000000	-9.000000	2.806356
-129.000000	-9.000000	3.116120
-123.000000	-9.000000	3.502883
-117.000000	-9.000000	3.993780
-111.000000	-9.000000	4.628412
-105.000000	-9.000000	5.466005
-99.000000	-9.000000	6.597566
-93.000000	-9.000000	8.167236
-87.000000	-9.000000	10.411158
-81.000000	-9.000000	13.731261
-75.000000	-9.000000	18.841918
-69.000000	-9.000000	0.069435
-63.000000	-9.000000	0.049641
-57.000000	-9.000000	0.147062
-51.000000	-9.000000	0.145542
-45.000000	-9.000000	0.144162
-39.000000	-9.000000	0.142932
-33.000000	-9.000000	0.141862
-27.000000	-9.000000	0.140957
-21.000000	-9.000000	0.140226
-15.000000	-9.000000	0.139673
-9.000000	-9.000000	0.139303
-3.000000	-9.000000	0.139117
3.000000	-9.000000	0.139117
9.000000	-9.000000	0.139303
15.000000	-9.000000	0.139673
21.000000	-9.000000	0.140226
27.000000	-9.000000	0.140957
33.000000	-9.000000	0.141862
39.000000	-9.000000	0.142932
45.000000	-9.000000	0.144162
51.000000	-9.000000	0.145542
57.000000	-9.000000	0.147062
63.000000	-9.000000	0.049641
69.000000	-9.000000	0.069435
75.000000	-9.000000	18.841918
81.000000	-9.000000	13.731261
87.000000	-9.000000	10.411158
93.000000	-9.000000	8.167236
99.000000	-9.000000	6.597566
105.000000	-9.000000	5.466005
111.000000	-9.000000	4.628412
117.000000	-9.000000	3.993780
123.000000	-9.000000	3.502883
129.000000	-9.000000	3.116120
135.000000	-9.000000	2.806356
141.000000	-9.000000	2.554590
147.000000	-9.000000	2.347242

-147.000000	-3.000000	2.396305
-141.000000	-3.000000	2.609539
-135.000000	-3.000000	2.868782
-129.000000	-3.000000	3.188246
-123.000000	-3.000000	3.587882
-117.000000	-3.000000	4.096288
-111.000000	-3.000000	4.755391
-105.000000	-3.000000	5.628227
-99.000000	-3.000000	6.812259
-93.000000	-3.000000	8.463007
-87.000000	-3.000000	10.837544
-81.000000	-3.000000	14.378245
-75.000000	-3.000000	19.882061
-69.000000	-3.000000	0.059671
-63.000000	-3.000000	0.040358
-57.000000	-3.000000	0.145605
-51.000000	-3.000000	0.144059
-45.000000	-3.000000	0.142655
-39.000000	-3.000000	0.141404
-33.000000	-3.000000	0.140316
-27.000000	-3.000000	0.139396
-21.000000	-3.000000	0.138653
-15.000000	-3.000000	0.138091
-9.000000	-3.000000	0.137714
-3.000000	-3.000000	0.137524
3.000000	-3.000000	0.137524
9.000000	-3.000000	0.137714
15.000000	-3.000000	0.138091
21.000000	-3.000000	0.138653
27.000000	-3.000000	0.139396
33.000000	-3.000000	0.140316
39.000000	-3.000000	0.141404
45.000000	-3.000000	0.142655
51.000000	-3.000000	0.144059
57.000000	-3.000000	0.145605
63.000000	-3.000000	0.040358
69.000000	-3.000000	0.059671
75.000000	-3.000000	19.882061
81.000000	-3.000000	14.378245
87.000000	-3.000000	10.837544
93.000000	-3.000000	8.463007
99.000000	-3.000000	6.812259
105.000000	-3.000000	5.628227
111.000000	-3.000000	4.755391
117.000000	-3.000000	4.096288
123.000000	-3.000000	3.587882
129.000000	-3.000000	3.188246
135.000000	-3.000000	2.868782
141.000000	-3.000000	2.609539
147.000000	-3.000000	2.396305

-147.000000	3.000000	2.172414
-141.000000	3.000000	2.342748
-135.000000	3.000000	2.548747
-129.000000	3.000000	2.801213
-123.000000	3.000000	3.115238
-117.000000	3.000000	3.512369
-111.000000	3.000000	4.024060
-105.000000	3.000000	4.697417
-99.000000	3.000000	5.604996
-93.000000	3.000000	6.862196
-87.000000	3.000000	8.659232
-81.000000	3.000000	11.322744
-75.000000	3.000000	15.440491
-69.000000	3.000000	0.042562
-63.000000	3.000000	0.028457
-57.000000	3.000000	0.019283
-51.000000	3.000000	0.013275
-45.000000	3.000000	0.009313
-39.000000	3.000000	0.006683
-33.000000	3.000000	0.004928
-27.000000	3.000000	0.003757
-21.000000	3.000000	0.002981
-15.000000	3.000000	0.002482
-9.000000	3.000000	0.002184
-3.000000	3.000000	0.002045
3.000000	3.000000	0.002045
9.000000	3.000000	0.002184
15.000000	3.000000	0.002482
21.000000	3.000000	0.002981
27.000000	3.000000	0.003757
33.000000	3.000000	0.004928
39.000000	3.000000	0.006683
45.000000	3.000000	0.009313
51.000000	3.000000	0.013275
57.000000	3.000000	0.019283
63.000000	3.000000	0.028457
69.000000	3.000000	0.042562
75.000000	3.000000	15.440491
81.000000	3.000000	11.322744
87.000000	3.000000	8.659232
93.000000	3.000000	6.862196
99.000000	3.000000	5.604996
105.000000	3.000000	4.697417
111.000000	3.000000	4.024060
117.000000	3.000000	3.512369
123.000000	3.000000	3.115238
129.000000	3.000000	2.801213
135.000000	3.000000	2.548747
141.000000	3.000000	2.342748
147.000000	3.000000	2.172414

-147.000000	9.000000	2.185055
-141.000000	9.000000	2.354092
-135.000000	9.000000	2.558190
-129.000000	9.000000	2.807875
-123.000000	9.000000	3.117820
-117.000000	9.000000	3.508909
-111.000000	9.000000	4.011524
-105.000000	9.000000	4.670972
-99.000000	9.000000	5.556727
-93.000000	9.000000	6.778646
-87.000000	9.000000	8.516622
-81.000000	9.000000	11.077046
-75.000000	9.000000	15.005750
-69.000000	9.000000	0.043232
-63.000000	9.000000	0.028952
-57.000000	9.000000	0.019654
-51.000000	9.000000	0.013559
-45.000000	9.000000	0.009534
-39.000000	9.000000	0.006859
-33.000000	9.000000	0.005073
-27.000000	9.000000	0.003878
-21.000000	9.000000	0.003087
-15.000000	9.000000	0.002576
-9.000000	9.000000	0.002271
-3.000000	9.000000	0.002129
3.000000	9.000000	0.002129
9.000000	9.000000	0.002271
15.000000	9.000000	0.002576
21.000000	9.000000	0.003087
27.000000	9.000000	0.003878
33.000000	9.000000	0.005073
39.000000	9.000000	0.006859
45.000000	9.000000	0.009534
51.000000	9.000000	0.013559
57.000000	9.000000	0.019654
63.000000	9.000000	0.028952
69.000000	9.000000	0.043232
75.000000	9.000000	15.005750
81.000000	9.000000	11.077046
87.000000	9.000000	8.516622
93.000000	9.000000	6.778646
99.000000	9.000000	5.556727
105.000000	9.000000	4.670972
111.000000	9.000000	4.011524
117.000000	9.000000	3.508909
123.000000	9.000000	3.117820
129.000000	9.000000	2.807875
135.000000	9.000000	2.558190
141.000000	9.000000	2.354092
147.000000	9.000000	2.185055

-147.000000	15.000000	2.184758
-141.000000	15.000000	2.349702
-135.000000	15.000000	2.548240
-129.000000	15.000000	2.790275
-123.000000	15.000000	3.089541
-117.000000	15.000000	3.465450
-111.000000	15.000000	3.946040
-105.000000	15.000000	4.572760
-99.000000	15.000000	5.408528
-93.000000	15.000000	6.551649
-87.000000	15.000000	8.160804
-81.000000	15.000000	10.501624
-75.000000	15.000000	14.037316
-69.000000	15.000000	0.045857
-63.000000	15.000000	0.030853
-57.000000	15.000000	0.021055
-51.000000	15.000000	0.014609
-45.000000	15.000000	0.010339
-39.000000	15.000000	0.007490
-33.000000	15.000000	0.005581
-27.000000	15.000000	0.004300
-21.000000	15.000000	0.003447
-15.000000	15.000000	0.002896
-9.000000	15.000000	0.002566
-3.000000	15.000000	0.002412
3.000000	15.000000	0.002412
9.000000	15.000000	0.002566
15.000000	15.000000	0.002896
21.000000	15.000000	0.003447
27.000000	15.000000	0.004300
33.000000	15.000000	0.005581
39.000000	15.000000	0.007490
45.000000	15.000000	0.010339
51.000000	15.000000	0.014609
57.000000	15.000000	0.021055
63.000000	15.000000	0.030853
69.000000	15.000000	0.045857
75.000000	15.000000	14.037316
81.000000	15.000000	10.501624
87.000000	15.000000	8.160804
93.000000	15.000000	6.551649
99.000000	15.000000	5.408528
105.000000	15.000000	4.572760
111.000000	15.000000	3.946040
117.000000	15.000000	3.465450
123.000000	15.000000	3.089541
129.000000	15.000000	2.790275
135.000000	15.000000	2.548240
141.000000	15.000000	2.349702
147.000000	15.000000	2.184758

-147.000000	21.000000	2.172100
-141.000000	21.000000	2.330395
-135.000000	21.000000	2.520062
-129.000000	21.000000	2.750099
-123.000000	21.000000	3.032870
-117.000000	21.000000	3.385683
-111.000000	21.000000	3.833253
-105.000000	21.000000	4.411641
-99.000000	21.000000	5.174745
-93.000000	21.000000	6.205266
-87.000000	21.000000	7.633837
-81.000000	21.000000	9.673496
-75.000000	21.000000	12.684081
-69.000000	21.000000	0.050741
-63.000000	21.000000	0.034392
-57.000000	21.000000	0.023663
-51.000000	21.000000	0.016568
-45.000000	21.000000	0.011841
-39.000000	21.000000	0.008670
-33.000000	21.000000	0.006532
-27.000000	21.000000	0.005089
-21.000000	21.000000	0.004124
-15.000000	21.000000	0.003497
-9.000000	21.000000	0.003121
-3.000000	21.000000	0.002945
3.000000	21.000000	0.002945
9.000000	21.000000	0.003121
15.000000	21.000000	0.003497
21.000000	21.000000	0.004124
27.000000	21.000000	0.005089
33.000000	21.000000	0.006532
39.000000	21.000000	0.008670
45.000000	21.000000	0.011841
51.000000	21.000000	0.016568
57.000000	21.000000	0.023663
63.000000	21.000000	0.034392
69.000000	21.000000	0.050741
75.000000	21.000000	12.684081
81.000000	21.000000	9.673496
87.000000	21.000000	7.633837
93.000000	21.000000	6.205266
99.000000	21.000000	5.174745
105.000000	21.000000	4.411641
111.000000	21.000000	3.833253
117.000000	21.000000	3.385683
123.000000	21.000000	3.032870
129.000000	21.000000	2.750099
135.000000	21.000000	2.520062
141.000000	21.000000	2.330395
147.000000	21.000000	2.172100

-147.000000	27.000000	2.148082
-141.000000	27.000000	2.297536
-135.000000	27.000000	2.475548
-129.000000	27.000000	2.690000
-123.000000	27.000000	2.951601
-117.000000	27.000000	3.275143
-111.000000	27.000000	3.681426
-105.000000	27.000000	4.200269
-99.000000	27.000000	4.875337
-93.000000	27.000000	5.772024
-87.000000	27.000000	6.990705
-81.000000	27.000000	8.689536
-75.000000	27.000000	11.124709
-69.000000	27.000000	14.723370
-63.000000	27.000000	0.039997
-57.000000	27.000000	0.027811
-51.000000	27.000000	0.019697
-45.000000	27.000000	0.014252
-39.000000	27.000000	0.010572
-33.000000	27.000000	0.008072
-27.000000	27.000000	0.006373
-21.000000	27.000000	0.005230
-15.000000	27.000000	0.004483
-9.000000	27.000000	0.004033
-3.000000	27.000000	0.003821
3.000000	27.000000	0.003821
9.000000	27.000000	0.004033
15.000000	27.000000	0.004483
21.000000	27.000000	0.005230
27.000000	27.000000	0.006373
33.000000	27.000000	0.008072
39.000000	27.000000	0.010572
45.000000	27.000000	0.014252
51.000000	27.000000	0.019697
57.000000	27.000000	0.027811
63.000000	27.000000	0.039997
69.000000	27.000000	14.723370
75.000000	27.000000	11.124709
81.000000	27.000000	8.689536
87.000000	27.000000	6.990705
93.000000	27.000000	5.772024
99.000000	27.000000	4.875337
105.000000	27.000000	4.200269
111.000000	27.000000	3.681426
117.000000	27.000000	3.275143
123.000000	27.000000	2.951601
129.000000	27.000000	2.690000
135.000000	27.000000	2.475548
141.000000	27.000000	2.297536
147.000000	27.000000	2.148082

-147.000000	33.000000	2.114045
-141.000000	33.000000	2.252922
-135.000000	33.000000	2.417135
-129.000000	33.000000	2.613340
-123.000000	33.000000	2.850448
-117.000000	33.000000	3.140561
-111.000000	33.000000	3.500375
-105.000000	33.000000	3.953304
-99.000000	33.000000	4.532745
-93.000000	33.000000	5.287243
-87.000000	33.000000	6.288687
-81.000000	33.000000	7.645609
-75.000000	33.000000	9.524982
-69.000000	33.000000	12.188121
-63.000000	33.000000	0.048356
-57.000000	33.000000	0.034036
-51.000000	33.000000	0.024422
-45.000000	33.000000	0.017915
-39.000000	33.000000	0.013480
-33.000000	33.000000	0.010443
-27.000000	33.000000	0.008362
-21.000000	33.000000	0.006951
-15.000000	33.000000	0.006023
-9.000000	33.000000	0.005461
-3.000000	33.000000	0.005196
3.000000	33.000000	0.005196
9.000000	33.000000	0.005461
15.000000	33.000000	0.006023
21.000000	33.000000	0.006951
27.000000	33.000000	0.008362
33.000000	33.000000	0.010443
39.000000	33.000000	0.013480
45.000000	33.000000	0.017915
51.000000	33.000000	0.024422
57.000000	33.000000	0.034036
63.000000	33.000000	0.048356
69.000000	33.000000	12.188121
75.000000	33.000000	9.524982
81.000000	33.000000	7.645609
87.000000	33.000000	6.288687
93.000000	33.000000	5.287243
99.000000	33.000000	4.532745
105.000000	33.000000	3.953304
111.000000	33.000000	3.500375
117.000000	33.000000	3.140561
123.000000	33.000000	2.850448
129.000000	33.000000	2.613340
135.000000	33.000000	2.417135
141.000000	33.000000	2.252922
147.000000	33.000000	2.114045

-147.000000	39.000000	2.071571
-141.000000	39.000000	2.198639
-135.000000	39.000000	2.347606
-129.000000	39.000000	2.523884
-123.000000	39.000000	2.734580
-117.000000	39.000000	2.989158
-111.000000	39.000000	3.300366
-105.000000	39.000000	3.685601
-99.000000	39.000000	4.168916
-93.000000	39.000000	4.784000
-87.000000	39.000000	5.578615
-81.000000	39.000000	6.621208
-75.000000	39.000000	8.010645
-69.000000	39.000000	9.890088
-63.000000	39.000000	12.465494
-57.000000	39.000000	0.043168
-51.000000	39.000000	0.031406
-45.000000	39.000000	0.023371
-39.000000	39.000000	0.017845
-33.000000	39.000000	0.014025
-27.000000	39.000000	0.011387
-21.000000	39.000000	0.009584
-15.000000	39.000000	0.008391
-9.000000	39.000000	0.007665
-3.000000	39.000000	0.007321
3.000000	39.000000	0.007321
9.000000	39.000000	0.007665
15.000000	39.000000	0.008391
21.000000	39.000000	0.009584
27.000000	39.000000	0.011387
33.000000	39.000000	0.014025
39.000000	39.000000	0.017845
45.000000	39.000000	0.023371
51.000000	39.000000	0.031406
57.000000	39.000000	0.043168
63.000000	39.000000	12.465494
69.000000	39.000000	9.890088
75.000000	39.000000	8.010645
81.000000	39.000000	6.621208
87.000000	39.000000	5.578615
93.000000	39.000000	4.784000
99.000000	39.000000	4.168916
105.000000	39.000000	3.685601
111.000000	39.000000	3.300366
117.000000	39.000000	2.989158
123.000000	39.000000	2.734580
129.000000	39.000000	2.523884
135.000000	39.000000	2.347606
141.000000	39.000000	2.198639
147.000000	39.000000	2.071571

-147.000000	45.000000	2.022378
-141.000000	45.000000	2.136912
-135.000000	45.000000	2.269881
-129.000000	45.000000	2.425500
-123.000000	45.000000	2.609193
-117.000000	45.000000	2.827997
-111.000000	45.000000	3.091126
-105.000000	45.000000	3.410748
-99.000000	45.000000	3.803043
-93.000000	45.000000	4.289666
-87.000000	45.000000	4.899698
-81.000000	45.000000	5.672165
-75.000000	45.000000	6.659042
-69.000000	45.000000	7.928227
-63.000000	45.000000	9.564883
-57.000000	45.000000	0.056477
-51.000000	45.000000	0.041666
-45.000000	45.000000	0.031453
-39.000000	45.000000	0.024360
-33.000000	45.000000	0.019414
-27.000000	45.000000	0.015968
-21.000000	45.000000	0.013596
-15.000000	45.000000	0.012016
-9.000000	45.000000	0.011050
-3.000000	45.000000	0.010592
3.000000	45.000000	0.010592
9.000000	45.000000	0.011050
15.000000	45.000000	0.012016
21.000000	45.000000	0.013596
27.000000	45.000000	0.015968
33.000000	45.000000	0.019414
39.000000	45.000000	0.024360
45.000000	45.000000	0.031453
51.000000	45.000000	0.041666
57.000000	45.000000	0.056477
63.000000	45.000000	9.564883
69.000000	45.000000	7.928227
75.000000	45.000000	6.659042
81.000000	45.000000	5.672165
87.000000	45.000000	4.899698
93.000000	45.000000	4.289666
99.000000	45.000000	3.803043
105.000000	45.000000	3.410748
111.000000	45.000000	3.091126
117.000000	45.000000	2.827997
123.000000	45.000000	2.609193
129.000000	45.000000	2.425500
135.000000	45.000000	2.269881
141.000000	45.000000	2.136912
147.000000	45.000000	2.022378

-147.000000	51.000000	1.968220
-141.000000	51.000000	2.069973
-135.000000	51.000000	2.186821
-129.000000	51.000000	2.321899
-123.000000	51.000000	2.479134
-117.000000	51.000000	2.663469
-111.000000	51.000000	2.881149
-105.000000	51.000000	3.140078
-99.000000	51.000000	3.450262
-93.000000	51.000000	3.824318
-87.000000	51.000000	4.277984
-81.000000	51.000000	4.830512
-75.000000	51.000000	5.504566
-69.000000	51.000000	6.324964
-63.000000	51.000000	7.314955
-57.000000	51.000000	8.487844
-51.000000	51.000000	0.056757
-45.000000	51.000000	0.043439
-39.000000	51.000000	0.034102
-33.000000	51.000000	0.027533
-27.000000	51.000000	0.022918
-21.000000	51.000000	0.019718
-15.000000	51.000000	0.017575
-9.000000	51.000000	0.016258
-3.000000	51.000000	0.015631
3.000000	51.000000	0.015631
9.000000	51.000000	0.016258
15.000000	51.000000	0.017575
21.000000	51.000000	0.019718
27.000000	51.000000	0.022918
33.000000	51.000000	0.027533
39.000000	51.000000	0.034102
45.000000	51.000000	0.043439
51.000000	51.000000	0.056757
57.000000	51.000000	8.487844
63.000000	51.000000	7.314955
69.000000	51.000000	6.324964
75.000000	51.000000	5.504566
81.000000	51.000000	4.830512
87.000000	51.000000	4.277984
93.000000	51.000000	3.824318
99.000000	51.000000	3.450262
105.000000	51.000000	3.140078
111.000000	51.000000	2.881149
117.000000	51.000000	2.663469
123.000000	51.000000	2.479134
129.000000	51.000000	2.321899
135.000000	51.000000	2.186821
141.000000	51.000000	2.069973
147.000000	51.000000	1.968220

-147.000000	57.000000	1.910790
-141.000000	57.000000	1.999937
-135.000000	57.000000	2.101082
-129.000000	57.000000	2.216430
-123.000000	57.000000	2.348650
-117.000000	57.000000	2.500971
-111.000000	57.000000	2.677278
-105.000000	57.000000	2.882217
-99.000000	57.000000	3.121261
-93.000000	57.000000	3.400707
-87.000000	57.000000	3.727498
-81.000000	57.000000	4.108717
-75.000000	57.000000	4.550462
-69.000000	57.000000	5.055679
-63.000000	57.000000	5.620328
-57.000000	57.000000	6.227210
-51.000000	57.000000	6.837171
-45.000000	57.000000	0.061299
-39.000000	57.000000	0.048736
-33.000000	57.000000	0.039819
-27.000000	57.000000	0.033507
-21.000000	57.000000	0.029099
-15.000000	57.000000	0.026130
-9.000000	57.000000	0.024299
-3.000000	57.000000	0.023425
3.000000	57.000000	0.023425
9.000000	57.000000	0.024299
15.000000	57.000000	0.026130
21.000000	57.000000	0.029099
27.000000	57.000000	0.033507
33.000000	57.000000	0.039819
39.000000	57.000000	0.048736
45.000000	57.000000	0.061299
51.000000	57.000000	6.837171
57.000000	57.000000	6.227210
63.000000	57.000000	5.620328
69.000000	57.000000	5.055679
75.000000	57.000000	4.550462
81.000000	57.000000	4.108717
87.000000	57.000000	3.727498
93.000000	57.000000	3.400707
99.000000	57.000000	3.121261
105.000000	57.000000	2.882217
111.000000	57.000000	2.677278
117.000000	57.000000	2.500971
123.000000	57.000000	2.348650
129.000000	57.000000	2.216430
135.000000	57.000000	2.101082
141.000000	57.000000	1.999937
147.000000	57.000000	1.910790

-147.000000	63.000000	1.851659
-141.000000	63.000000	1.928715
-135.000000	63.000000	2.014999
-129.000000	63.000000	2.111950
-123.000000	63.000000	2.221231
-117.000000	63.000000	2.344735
-111.000000	63.000000	2.484581
-105.000000	63.000000	2.643068
-99.000000	63.000000	2.822561
-93.000000	63.000000	3.025261
-87.000000	63.000000	3.252790
-81.000000	63.000000	3.505470
-75.000000	63.000000	3.781156
-69.000000	63.000000	4.073443
-63.000000	63.000000	4.369116
-57.000000	63.000000	4.644915
-51.000000	63.000000	4.864209
-45.000000	63.000000	4.975301
-39.000000	63.000000	4.914659
-33.000000	63.000000	0.058516
-27.000000	63.000000	0.049724
-21.000000	63.000000	0.043546
-15.000000	63.000000	0.039361
-9.000000	63.000000	0.036770
-3.000000	63.000000	0.035531
3.000000	63.000000	0.035531
9.000000	63.000000	0.036770
15.000000	63.000000	0.039361
21.000000	63.000000	0.043546
27.000000	63.000000	0.049724
33.000000	63.000000	0.058516
39.000000	63.000000	4.914659
45.000000	63.000000	4.975301
51.000000	63.000000	4.864209
57.000000	63.000000	4.644915
63.000000	63.000000	4.369116
69.000000	63.000000	4.073443
75.000000	63.000000	3.781156
81.000000	63.000000	3.505470
87.000000	63.000000	3.252790
93.000000	63.000000	3.025261
99.000000	63.000000	2.822561
105.000000	63.000000	2.643068
111.000000	63.000000	2.484581
117.000000	63.000000	2.344735
123.000000	63.000000	2.221231
129.000000	63.000000	2.111950
135.000000	63.000000	2.014999
141.000000	63.000000	1.928715
147.000000	63.000000	1.851659

-147.000000	69.000000	1.792213
-141.000000	69.000000	1.857956
-135.000000	69.000000	1.930526
-129.000000	69.000000	2.010762
-123.000000	69.000000	2.099557
-117.000000	69.000000	2.197823
-111.000000	69.000000	2.306431
-105.000000	69.000000	2.426097
-99.000000	69.000000	2.557208
-93.000000	69.000000	2.699541
-87.000000	69.000000	2.851835
-81.000000	69.000000	3.011165
-75.000000	69.000000	3.172081
-69.000000	69.000000	3.325478
-63.000000	69.000000	3.457296
-57.000000	69.000000	3.547339
-51.000000	69.000000	3.568858
-45.000000	69.000000	3.490050
-39.000000	69.000000	3.279069
-33.000000	69.000000	2.913989
-27.000000	69.000000	2.397452
-21.000000	69.000000	0.065907
-15.000000	69.000000	0.059924
-9.000000	69.000000	0.056206
-3.000000	69.000000	0.054424
3.000000	69.000000	0.054424
9.000000	69.000000	0.056206
15.000000	69.000000	0.059924
21.000000	69.000000	0.065907
27.000000	69.000000	2.397452
33.000000	69.000000	2.913989
39.000000	69.000000	3.279069
45.000000	69.000000	3.490050
51.000000	69.000000	3.568858
57.000000	69.000000	3.547339
63.000000	69.000000	3.457296
69.000000	69.000000	3.325478
75.000000	69.000000	3.172081
81.000000	69.000000	3.011165
87.000000	69.000000	2.851835
93.000000	69.000000	2.699541
99.000000	69.000000	2.557208
105.000000	69.000000	2.426097
111.000000	69.000000	2.306431
117.000000	69.000000	2.197823
123.000000	69.000000	2.099557
129.000000	69.000000	2.010762
135.000000	69.000000	1.930526
141.000000	69.000000	1.857956
147.000000	69.000000	1.792213

-147.000000	75.000000	1.733632
-141.000000	75.000000	1.789016
-135.000000	75.000000	1.849210
-129.000000	75.000000	1.914603
-123.000000	75.000000	1.985530
-117.000000	75.000000	2.062224
-111.000000	75.000000	2.144727
-105.000000	75.000000	2.232775
-99.000000	75.000000	2.325614
-93.000000	75.000000	2.421754
-87.000000	75.000000	2.518631
-81.000000	75.000000	2.612173
-75.000000	75.000000	2.696270
-69.000000	75.000000	2.762217
-63.000000	75.000000	2.798258
-57.000000	75.000000	2.789511
-51.000000	75.000000	2.718715
-45.000000	75.000000	2.568389
-39.000000	75.000000	2.324999
-33.000000	75.000000	1.985217
-27.000000	75.000000	1.563275
-21.000000	75.000000	1.096665
-15.000000	75.000000	0.646019
-9.000000	75.000000	0.285568
-3.000000	75.000000	0.084356
3.000000	75.000000	0.084356
9.000000	75.000000	0.285568
15.000000	75.000000	0.646019
21.000000	75.000000	1.096665
27.000000	75.000000	1.563275
33.000000	75.000000	1.985217
39.000000	75.000000	2.324999
45.000000	75.000000	2.568389
51.000000	75.000000	2.718715
57.000000	75.000000	2.789511
63.000000	75.000000	2.798258
69.000000	75.000000	2.762217
75.000000	75.000000	2.696270
81.000000	75.000000	2.612173
87.000000	75.000000	2.518631
93.000000	75.000000	2.421754
99.000000	75.000000	2.325614
105.000000	75.000000	2.232775
111.000000	75.000000	2.144727
117.000000	75.000000	2.062224
123.000000	75.000000	1.985530
129.000000	75.000000	1.914603
135.000000	75.000000	1.849210
141.000000	75.000000	1.789016
147.000000	75.000000	1.733632

-147.000000	81.000000	1.676872
-141.000000	81.000000	1.722954
-135.000000	81.000000	1.772203
-129.000000	81.000000	1.824683
-123.000000	81.000000	1.880353
-117.000000	81.000000	1.939006
-111.000000	81.000000	2.000184
-105.000000	81.000000	2.063076
-99.000000	81.000000	2.126368
-93.000000	81.000000	2.188054
-87.000000	81.000000	2.245214
-81.000000	81.000000	2.293750
-75.000000	81.000000	2.328134
-69.000000	81.000000	2.341223
-63.000000	81.000000	2.324265
-57.000000	81.000000	2.267290
-51.000000	81.000000	2.160120
-45.000000	81.000000	1.994262
-39.000000	81.000000	1.765760
-33.000000	81.000000	1.478775
-27.000000	81.000000	1.148990
-21.000000	81.000000	0.805303
-15.000000	81.000000	0.487974
-9.000000	81.000000	0.242143
-3.000000	81.000000	0.107530
3.000000	81.000000	0.107530
9.000000	81.000000	0.242143
15.000000	81.000000	0.487974
21.000000	81.000000	0.805303
27.000000	81.000000	1.148990
33.000000	81.000000	1.478775
39.000000	81.000000	1.765760
45.000000	81.000000	1.994262
51.000000	81.000000	2.160120
57.000000	81.000000	2.267290
63.000000	81.000000	2.324265
69.000000	81.000000	2.341223
75.000000	81.000000	2.328134
81.000000	81.000000	2.293750
87.000000	81.000000	2.245214
93.000000	81.000000	2.188054
99.000000	81.000000	2.126368
105.000000	81.000000	2.063076
111.000000	81.000000	2.000184
117.000000	81.000000	1.939006
123.000000	81.000000	1.880353
129.000000	81.000000	1.824683
135.000000	81.000000	1.772203
141.000000	81.000000	1.722954
147.000000	81.000000	1.676872

-147.000000	87.000000	1.622672
-141.000000	87.000000	1.660549
-135.000000	87.000000	1.700290
-129.000000	87.000000	1.741747
-123.000000	87.000000	1.784640
-117.000000	87.000000	1.828504
-111.000000	87.000000	1.872621
-105.000000	87.000000	1.915934
-99.000000	87.000000	1.956939
-93.000000	87.000000	1.993565
-87.000000	87.000000	2.023041
-81.000000	87.000000	2.041768
-75.000000	87.000000	2.045251
-69.000000	87.000000	2.028111
-63.000000	87.000000	1.984304
-57.000000	87.000000	1.907622
-51.000000	87.000000	1.792609
-45.000000	87.000000	1.635944
-39.000000	87.000000	1.438233
-33.000000	87.000000	1.205917
-27.000000	87.000000	0.952714
-21.000000	87.000000	0.699766
-15.000000	87.000000	0.473766
-9.000000	87.000000	0.302776
-3.000000	87.000000	0.210475
3.000000	87.000000	0.210475
9.000000	87.000000	0.302776
15.000000	87.000000	0.473766
21.000000	87.000000	0.699766
27.000000	87.000000	0.952714
33.000000	87.000000	1.205917
39.000000	87.000000	1.438233
45.000000	87.000000	1.635944
51.000000	87.000000	1.792609
57.000000	87.000000	1.907622
63.000000	87.000000	1.984304
69.000000	87.000000	2.028111
75.000000	87.000000	2.045251
81.000000	87.000000	2.041768
87.000000	87.000000	2.023041
93.000000	87.000000	1.993565
99.000000	87.000000	1.956939
105.000000	87.000000	1.915934
111.000000	87.000000	1.872621
117.000000	87.000000	1.828504
123.000000	87.000000	1.784640
129.000000	87.000000	1.741747
135.000000	87.000000	1.700290
141.000000	87.000000	1.660549
147.000000	87.000000	1.622672

-147.000000	93.000000	1.571567
-141.000000	93.000000	1.602322
-135.000000	93.000000	1.633942
-129.000000	93.000000	1.666149
-123.000000	93.000000	1.698533
-117.000000	93.000000	1.730503
-111.000000	93.000000	1.761240
-105.000000	93.000000	1.789636
-99.000000	93.000000	1.814219
-93.000000	93.000000	1.833090
-87.000000	93.000000	1.843858
-81.000000	93.000000	1.843606
-75.000000	93.000000	1.828911
-69.000000	93.000000	1.795963
-63.000000	93.000000	1.740831
-57.000000	93.000000	1.659930
-51.000000	93.000000	1.550723
-45.000000	93.000000	1.412656
-39.000000	93.000000	1.248213
-33.000000	93.000000	1.063877
-27.000000	93.000000	0.870634
-21.000000	93.000000	0.683629
-15.000000	93.000000	0.520671
-9.000000	93.000000	0.399588
-3.000000	93.000000	0.334941
3.000000	93.000000	0.334941
9.000000	93.000000	0.399588
15.000000	93.000000	0.520671
21.000000	93.000000	0.683629
27.000000	93.000000	0.870634
33.000000	93.000000	1.063877
39.000000	93.000000	1.248213
45.000000	93.000000	1.412656
51.000000	93.000000	1.550723
57.000000	93.000000	1.659930
63.000000	93.000000	1.740831
69.000000	93.000000	1.795963
75.000000	93.000000	1.828911
81.000000	93.000000	1.843606
87.000000	93.000000	1.843858
93.000000	93.000000	1.833090
99.000000	93.000000	1.814219
105.000000	93.000000	1.789636
111.000000	93.000000	1.761240
117.000000	93.000000	1.730503
123.000000	93.000000	1.698533
129.000000	93.000000	1.666149
135.000000	93.000000	1.633942
141.000000	93.000000	1.602322
147.000000	93.000000	1.571567

-147.000000	99.000000	1.523910
-141.000000	99.000000	1.548577
-135.000000	99.000000	1.573368
-129.000000	99.000000	1.597940
-123.000000	99.000000	1.621826
-117.000000	99.000000	1.644402
-111.000000	99.000000	1.664852
-105.000000	99.000000	1.682125
-99.000000	99.000000	1.694904
-93.000000	99.000000	1.701566
-87.000000	99.000000	1.700171
-81.000000	99.000000	1.688474
-75.000000	99.000000	1.663999
-69.000000	99.000000	1.624179
-63.000000	99.000000	1.566607
-57.000000	99.000000	1.489413
-51.000000	99.000000	1.391760
-45.000000	99.000000	1.274442
-39.000000	99.000000	1.140475
-33.000000	99.000000	0.995543
-27.000000	99.000000	0.848097
-21.000000	99.000000	0.708904
-15.000000	99.000000	0.589962
-9.000000	99.000000	0.502832
-3.000000	99.000000	0.456713
3.000000	99.000000	0.456713
9.000000	99.000000	0.502832
15.000000	99.000000	0.589962
21.000000	99.000000	0.708904
27.000000	99.000000	0.848097
33.000000	99.000000	0.995543
39.000000	99.000000	1.140475
45.000000	99.000000	1.274442
51.000000	99.000000	1.391760
57.000000	99.000000	1.489413
63.000000	99.000000	1.566607
69.000000	99.000000	1.624179
75.000000	99.000000	1.663999
81.000000	99.000000	1.688474
87.000000	99.000000	1.700171
93.000000	99.000000	1.701566
99.000000	99.000000	1.694904
105.000000	99.000000	1.682125
111.000000	99.000000	1.664852
117.000000	99.000000	1.644402
123.000000	99.000000	1.621826
129.000000	99.000000	1.597940
135.000000	99.000000	1.573368
141.000000	99.000000	1.548577
147.000000	99.000000	1.523910

-147.000000	105.000000	1.479900
-141.000000	105.000000	1.499434
-135.000000	105.000000	1.518567
-129.000000	105.000000	1.536935
-123.000000	105.000000	1.554066
-117.000000	105.000000	1.569357
-111.000000	105.000000	1.582054
-105.000000	105.000000	1.591229
-99.000000	105.000000	1.595763
-93.000000	105.000000	1.594335
-87.000000	105.000000	1.585439
-81.000000	105.000000	1.567421
-75.000000	105.000000	1.538563
-69.000000	105.000000	1.497220
-63.000000	105.000000	1.442026
-57.000000	105.000000	1.372174
-51.000000	105.000000	1.287756
-45.000000	105.000000	1.190118
-39.000000	105.000000	1.082183
-33.000000	105.000000	0.968633
-27.000000	105.000000	0.855834
-21.000000	105.000000	0.751440
-15.000000	105.000000	0.663625
-9.000000	105.000000	0.600027
-3.000000	105.000000	0.566596
3.000000	105.000000	0.566596
9.000000	105.000000	0.600027
15.000000	105.000000	0.663625
21.000000	105.000000	0.751440
27.000000	105.000000	0.855834
33.000000	105.000000	0.968633
39.000000	105.000000	1.082183
45.000000	105.000000	1.190118
51.000000	105.000000	1.287756
57.000000	105.000000	1.372174
63.000000	105.000000	1.442026
69.000000	105.000000	1.497220
75.000000	105.000000	1.538563
81.000000	105.000000	1.567421
87.000000	105.000000	1.585439
93.000000	105.000000	1.594335
99.000000	105.000000	1.595763
105.000000	105.000000	1.591229
111.000000	105.000000	1.582054
117.000000	105.000000	1.569357
123.000000	105.000000	1.554066
129.000000	105.000000	1.536935
135.000000	105.000000	1.518567
141.000000	105.000000	1.499434
147.000000	105.000000	1.479900

-147.000000	111.000000	1.439604
-141.000000	111.000000	1.454870
-135.000000	111.000000	1.469383
-129.000000	111.000000	1.482787
-123.000000	111.000000	1.494636
-117.000000	111.000000	1.504384
-111.000000	111.000000	1.511369
-105.000000	111.000000	1.514806
-99.000000	111.000000	1.513781
-93.000000	111.000000	1.507260
-87.000000	111.000000	1.494117
-81.000000	111.000000	1.473175
-75.000000	111.000000	1.443291
-69.000000	111.000000	1.403471
-63.000000	111.000000	1.353031
-57.000000	111.000000	1.291791
-51.000000	111.000000	1.220298
-45.000000	111.000000	1.140033
-39.000000	111.000000	1.053576
-33.000000	111.000000	0.964653
-27.000000	111.000000	0.878015
-21.000000	111.000000	0.799121
-15.000000	111.000000	0.733601
-9.000000	111.000000	0.686591
-3.000000	111.000000	0.662019
3.000000	111.000000	0.662019
9.000000	111.000000	0.686591
15.000000	111.000000	0.733601
21.000000	111.000000	0.799121
27.000000	111.000000	0.878015
33.000000	111.000000	0.964653
39.000000	111.000000	1.053576
45.000000	111.000000	1.140033
51.000000	111.000000	1.220298
57.000000	111.000000	1.291791
63.000000	111.000000	1.353031
69.000000	111.000000	1.403471
75.000000	111.000000	1.443291
81.000000	111.000000	1.473175
87.000000	111.000000	1.494117
93.000000	111.000000	1.507260
99.000000	111.000000	1.513781
105.000000	111.000000	1.514806
111.000000	111.000000	1.511369
117.000000	111.000000	1.504384
123.000000	111.000000	1.494636
129.000000	111.000000	1.482787
135.000000	111.000000	1.469383
141.000000	111.000000	1.454870
147.000000	111.000000	1.439604

-147.000000	117.000000	1.402993
-141.000000	117.000000	1.414754
-135.000000	117.000000	1.425547
-129.000000	117.000000	1.435040
-123.000000	117.000000	1.442833
-117.000000	117.000000	1.448451
-111.000000	117.000000	1.451333
-105.000000	117.000000	1.450838
-99.000000	117.000000	1.446246
-93.000000	117.000000	1.436770
-87.000000	117.000000	1.421595
-81.000000	117.000000	1.399912
-75.000000	117.000000	1.370998
-69.000000	117.000000	1.334301
-63.000000	117.000000	1.289563
-57.000000	117.000000	1.236950
-51.000000	117.000000	1.177191
-45.000000	117.000000	1.111698
-39.000000	117.000000	1.042637
-33.000000	117.000000	0.972917
-27.000000	117.000000	0.906073
-21.000000	117.000000	0.846013
-15.000000	117.000000	0.796664
-9.000000	117.000000	0.761529
-3.000000	117.000000	0.743250
3.000000	117.000000	0.743250
9.000000	117.000000	0.761529
15.000000	117.000000	0.796664
21.000000	117.000000	0.846013
27.000000	117.000000	0.906073
33.000000	117.000000	0.972917
39.000000	117.000000	1.042637
45.000000	117.000000	1.111698
51.000000	117.000000	1.177191
57.000000	117.000000	1.236950
63.000000	117.000000	1.289563
69.000000	117.000000	1.334301
75.000000	117.000000	1.370998
81.000000	117.000000	1.399912
87.000000	117.000000	1.421595
93.000000	117.000000	1.436770
99.000000	117.000000	1.446246
105.000000	117.000000	1.450838
111.000000	117.000000	1.451333
117.000000	117.000000	1.448451
123.000000	117.000000	1.442833
129.000000	117.000000	1.435040
135.000000	117.000000	1.425547
141.000000	117.000000	1.414754
147.000000	117.000000	1.402993

-147.000000	123.000000	1.369954
-141.000000	123.000000	1.378877
-135.000000	123.000000	1.386716
-129.000000	123.000000	1.393178
-123.000000	123.000000	1.397916
-117.000000	123.000000	1.400528
-111.000000	123.000000	1.400556
-105.000000	123.000000	1.397490
-99.000000	123.000000	1.390776
-93.000000	123.000000	1.379835
-87.000000	123.000000	1.364092
-81.000000	123.000000	1.343016
-75.000000	123.000000	1.316176
-69.000000	123.000000	1.283313
-63.000000	123.000000	1.244418
-57.000000	123.000000	1.199831
-51.000000	123.000000	1.150312
-45.000000	123.000000	1.097114
-39.000000	123.000000	1.042005
-33.000000	123.000000	0.987233
-27.000000	123.000000	0.935424
-21.000000	123.000000	0.889395
-15.000000	123.000000	0.851911
-9.000000	123.000000	0.825396
-3.000000	123.000000	0.811656
3.000000	123.000000	0.811656
9.000000	123.000000	0.825396
15.000000	123.000000	0.851911
21.000000	123.000000	0.889395
27.000000	123.000000	0.935424
33.000000	123.000000	0.987233
39.000000	123.000000	1.042005
45.000000	123.000000	1.097114
51.000000	123.000000	1.150312
57.000000	123.000000	1.199831
63.000000	123.000000	1.244418
69.000000	123.000000	1.283313
75.000000	123.000000	1.316176
81.000000	123.000000	1.343016
87.000000	123.000000	1.364092
93.000000	123.000000	1.379835
99.000000	123.000000	1.390776
105.000000	123.000000	1.397490
111.000000	123.000000	1.400556
117.000000	123.000000	1.400528
123.000000	123.000000	1.397916
129.000000	123.000000	1.393178
135.000000	123.000000	1.386716
141.000000	123.000000	1.378877
147.000000	123.000000	1.369954

-147.000000	129.000000	1.340324
-141.000000	129.000000	1.346974
-135.000000	129.000000	1.352504
-129.000000	129.000000	1.356658
-123.000000	129.000000	1.359145
-117.000000	129.000000	1.359634
-111.000000	129.000000	1.357759
-105.000000	129.000000	1.353126
-99.000000	129.000000	1.345318
-93.000000	129.000000	1.333922
-87.000000	129.000000	1.318546
-81.000000	129.000000	1.298857
-75.000000	129.000000	1.274624
-69.000000	129.000000	1.245771
-63.000000	129.000000	1.212431
-57.000000	129.000000	1.175007
-51.000000	129.000000	1.134215
-45.000000	129.000000	1.091125
-39.000000	129.000000	1.047153
-33.000000	129.000000	1.004025
-27.000000	129.000000	0.963695
-21.000000	129.000000	0.928207
-15.000000	129.000000	0.899524
-9.000000	129.000000	0.879345
-3.000000	129.000000	0.868924
3.000000	129.000000	0.868924
9.000000	129.000000	0.879345
15.000000	129.000000	0.899524
21.000000	129.000000	0.928207
27.000000	129.000000	0.963695
33.000000	129.000000	1.004025
39.000000	129.000000	1.047153
45.000000	129.000000	1.091125
51.000000	129.000000	1.134215
57.000000	129.000000	1.175007
63.000000	129.000000	1.212431
69.000000	129.000000	1.245771
75.000000	129.000000	1.274624
81.000000	129.000000	1.298857
87.000000	129.000000	1.318546
93.000000	129.000000	1.333922
99.000000	129.000000	1.345318
105.000000	129.000000	1.353126
111.000000	129.000000	1.357759
117.000000	129.000000	1.359634
123.000000	129.000000	1.359145
129.000000	129.000000	1.356658
135.000000	129.000000	1.352504
141.000000	129.000000	1.346974
147.000000	129.000000	1.340324

-147.000000	135.000000	1.313896
-141.000000	135.000000	1.318753
-135.000000	135.000000	1.322505
-129.000000	135.000000	1.324936
-123.000000	135.000000	1.325808
-117.000000	135.000000	1.324855
-111.000000	135.000000	1.321790
-105.000000	135.000000	1.316315
-99.000000	135.000000	1.308127
-93.000000	135.000000	1.296936
-87.000000	135.000000	1.282488
-81.000000	135.000000	1.264589
-75.000000	135.000000	1.243140
-69.000000	135.000000	1.218174
-63.000000	135.000000	1.189891
-57.000000	135.000000	1.158699
-51.000000	135.000000	1.125239
-45.000000	135.000000	1.090398
-39.000000	135.000000	1.055297
-33.000000	135.000000	1.021261
-27.000000	135.000000	0.989743
-21.000000	135.000000	0.962235
-15.000000	135.000000	0.940146
-9.000000	135.000000	0.924680
-3.000000	135.000000	0.916714
3.000000	135.000000	0.916714
9.000000	135.000000	0.924680
15.000000	135.000000	0.940146
21.000000	135.000000	0.962235
27.000000	135.000000	0.989743
33.000000	135.000000	1.021261
39.000000	135.000000	1.055297
45.000000	135.000000	1.090398
51.000000	135.000000	1.125239
57.000000	135.000000	1.158699
63.000000	135.000000	1.189891
69.000000	135.000000	1.218174
75.000000	135.000000	1.243140
81.000000	135.000000	1.264589
87.000000	135.000000	1.282488
93.000000	135.000000	1.296936
99.000000	135.000000	1.308127
105.000000	135.000000	1.316315
111.000000	135.000000	1.321790
117.000000	135.000000	1.324855
123.000000	135.000000	1.325808
129.000000	135.000000	1.324936
135.000000	135.000000	1.322505
141.000000	135.000000	1.318753
147.000000	135.000000	1.313896

-147.000000	141.000000	1.290445
-141.000000	141.000000	1.293905
-135.000000	141.000000	1.296311
-129.000000	141.000000	1.297487
-123.000000	141.000000	1.297239
-117.000000	141.000000	1.295358
-111.000000	141.000000	1.291627
-105.000000	141.000000	1.285823
-99.000000	141.000000	1.277731
-93.000000	141.000000	1.267158
-87.000000	141.000000	1.253945
-81.000000	141.000000	1.237994
-75.000000	141.000000	1.219290
-69.000000	141.000000	1.197924
-63.000000	141.000000	1.174122
-57.000000	141.000000	1.148266
-51.000000	141.000000	1.120907
-45.000000	141.000000	1.092769
-39.000000	141.000000	1.064736
-33.000000	141.000000	1.037818
-27.000000	141.000000	1.013103
-21.000000	141.000000	0.991684
-15.000000	141.000000	0.974581
-9.000000	141.000000	0.962654
-3.000000	141.000000	0.956526
3.000000	141.000000	0.956526
9.000000	141.000000	0.962654
15.000000	141.000000	0.974581
21.000000	141.000000	0.991684
27.000000	141.000000	1.013103
33.000000	141.000000	1.037818
39.000000	141.000000	1.064736
45.000000	141.000000	1.092769
51.000000	141.000000	1.120907
57.000000	141.000000	1.148266
63.000000	141.000000	1.174122
69.000000	141.000000	1.197924
75.000000	141.000000	1.219290
81.000000	141.000000	1.237994
87.000000	141.000000	1.253945
93.000000	141.000000	1.267158
99.000000	141.000000	1.277731
105.000000	141.000000	1.285823
111.000000	141.000000	1.291627
117.000000	141.000000	1.295358
123.000000	141.000000	1.297239
129.000000	141.000000	1.297487
135.000000	141.000000	1.296311
141.000000	141.000000	1.293905
147.000000	141.000000	1.290445

-147.000000	147.000000	1.269730
-141.000000	147.000000	1.272119
-135.000000	147.000000	1.273528
-129.000000	147.000000	1.273813
-123.000000	147.000000	1.272824
-117.000000	147.000000	1.270399
-111.000000	147.000000	1.266376
-105.000000	147.000000	1.260594
-99.000000	147.000000	1.252905
-93.000000	147.000000	1.243183
-87.000000	147.000000	1.231341
-81.000000	147.000000	1.217343
-75.000000	147.000000	1.201221
-69.000000	147.000000	1.183098
-63.000000	147.000000	1.163196
-57.000000	147.000000	1.141857
-51.000000	147.000000	1.119544
-45.000000	147.000000	1.096842
-39.000000	147.000000	1.074442
-33.000000	147.000000	1.053117
-27.000000	147.000000	1.033681
-21.000000	147.000000	1.016940
-15.000000	147.000000	1.003637
-9.000000	147.000000	0.994393
-3.000000	147.000000	0.989654
3.000000	147.000000	0.989654
9.000000	147.000000	0.994393
15.000000	147.000000	1.003637
21.000000	147.000000	1.016940
27.000000	147.000000	1.033681
33.000000	147.000000	1.053117
39.000000	147.000000	1.074442
45.000000	147.000000	1.096842
51.000000	147.000000	1.119544
57.000000	147.000000	1.141857
63.000000	147.000000	1.163196
69.000000	147.000000	1.183098
75.000000	147.000000	1.201221
81.000000	147.000000	1.217343
87.000000	147.000000	1.231341
93.000000	147.000000	1.243183
99.000000	147.000000	1.252905
105.000000	147.000000	1.260594
111.000000	147.000000	1.266376
117.000000	147.000000	1.270399
123.000000	147.000000	1.272824
129.000000	147.000000	1.273813
135.000000	147.000000	1.273528
141.000000	147.000000	1.272119
147.000000	147.000000	1.269730

